Point2D, [3, 2]
Point2D, [3, 2]
Line3D, [7, 12, 3], [-9, 13, 68]
Point2D, [-9, -9]
Point2D, [-99, -99]
Point2D, [-999, -999]
Point3D, [1, 3, 8]
Point3D, [-99, -99, -99]
Point3D, [-999, -999, -999]
Point3D, [-99, -99]
Point3D, [-999, -999]
Line2D, [5, 7], [3, 8]
Line2D, [5, 7], [3, 8]
Line2D, [2, 4], [2, 8]
Line2D, [-9, -9], [-99, -99]
Line2D, [-99, -99], [-999, -999]
Point2D, [4, 2]
Line3D, [7, 12, 3], [-9, 13, 68]
Point3D, [6, 3, 8]
Line2D, [7, 7], [4, 8]
Point2D, [2, 3]
Line3D, [7, 14, 5], [-3, 16, 69]
Point3D, [5, 3, 5]
Line2D, [3, 5], [1, 8]
Line3D, [7, 12, 3], [-9, -13, 68]